NSTACK =       12846
NBUFFER =      116048

NE =           0
NC =           9
NFRI =         0
NLIM =         1
NCON =         9
NFLC =         28
NSTAT =        0
NWARNING =     0 0 0 0 0 0 0 


MAXSTACKUSE =   13      

TIME =          4.4e+003
ENERGY =        1.3e-010  0       

TIMER
   6.6e+007  0         2.6e+007  3.8e+006  1e+006    8.9e+005  3.2e+007  4e+006    2.3e+006  1.3e+005  9e+006    1e+007   
   4.4e+005  0         4.4e+005  4.4e+005  4.4e+005  4.4e+005  4.4e+005  4.4e+005  4.4e+005  4.4e+005  4.4e+005  4.4e+005 
  
USERDATA
  
QPOS
   0.17     
   0.14     
   0.49     
  -0.11     
   1.4      
  -0.52     
   0.1      
  -4.3e-006 
   3.4e-006 
   0.17     
   0.2      
   0.15     
   0.85     
  -0.52     
  -0.068    
   0.034    
  
QVEL
  -1.1e-005 
   7.8e-006 
   1.3e-005 
  -2.6e-006 
   2.7e-006 
   2.8e-012 
   1.5e-005 
   2.7e-009 
  -2.1e-009 
   3.2e-007 
   5e-007   
  -1.1e-007 
  -2.3e-005 
  -2.9e-005 
  -1.9e-009 
  
QVEL_NEXT
  -1.1e-005 
   7.8e-006 
   1.3e-005 
  -2.6e-006 
   2.7e-006 
   2.8e-012 
   1.5e-005 
   2.7e-009 
  -2.1e-009 
   3.2e-007 
   5e-007   
  -1.1e-007 
  -2.3e-005 
  -2.9e-005 
  -1.9e-009 
  
ACT
  
ACT_NEXT
  
ctrl
   0.17     
   0.14     
   0.49     
  -0.11     
   1.4      
  -0.52     
   0.1      
   0        
   0        
  
qfrc_applied
   0        
   0        
   0        
   0        
   0        
   0        
   0        
   0        
   0        
   0        
   0        
   0        
   0        
   0        
   0        
   0        
  
xfrc_applied
   0         0         0         0         0         0        
   0         0         0         0         0         0        
   0         0         0         0         0         0        
   0         0         0         0         0         0        
   0         0         0         0         0         0        
   0         0         0         0         0         0        
   0         0         0         0         0         0        
  
QFRC_BIAS
   2.6e-012 
  -5.2e-012 
   1.6e-012 
   9.3e-014 
   4.8e-014 
   4.6e-014 
   1.7e-014 
   5.2e-015 
   3.2e-014 
   0        
   2e-028   
   6.1e-028 
  -5.9e-018 
   4.7e-018 
   1.7e-030 
  
QFRC_PASSIVE
   1.1e-005 
  -7.8e-006 
  -1.3e-005 
   2.6e-006 
  -2.7e-006 
  -2.8e-012 
  -1.5e-005 
  -2.7e-009 
   2.1e-009 
  -3.2e-007 
  -5e-007   
   1.1e-007 
   2.3e-005 
   2.9e-005 
   1.9e-009 
  
QFRC_ACTUATION
  -3.4e-005 
   2e-005   
   4.2e-005 
  -1e-006   
   2.8e-005 
  -0.00016  
   5.1e-005 
   4.3e-005 
  -3.4e-005 
   0        
   0        
   0        
   0        
   0        
   0        
  
QFRC_IMPULSE
   2.3e-005 
  -1.2e-005 
  -2.9e-005 
  -1.6e-006 
  -2.5e-005 
   0.00016  
  -3.5e-005 
  -4.3e-005 
   3.4e-005 
   3.2e-007 
   5e-007   
  -1.1e-007 
  -2.3e-005 
  -2.9e-005 
  -1.9e-009 
  
QFRC_CONSTRAINT
   0        
   0        
   0        
   0        
   0        
   0        
   0        
   0        
   0        
   0        
   0        
   0        
   0        
   0        
   0        
  
XPOS
   0         0         0        
  -0.15      0         0.45     
  -0.1       0.059     0.098    
   0.14      0.18      0.12     
   0.14      0.18      0.14     
   0.15      0.2       0.11     
   0.17      0.2       0.15     
  
XQUAT
   1         0         0         0        
   0.97      0.064    -0.086     0.23     
   0.78     -0.58     -0.18      0.16     
   0.78     -0.51     -0.36     -0.02     
   0.78     -0.51     -0.36     -0.02     
   0.78     -0.51     -0.36     -0.02     
   0.85     -0.52     -0.068     0.034    
  
XMAT
   1         0         0         0         1         0         0         0         1        
   0.87     -0.46     -0.14      0.44      0.88     -0.16      0.2       0.083     0.98     
   0.88     -0.046    -0.46      0.46      0.28      0.84      0.091    -0.96      0.27     
   0.74      0.4      -0.54      0.34      0.47      0.81      0.58     -0.78      0.21     
   0.74      0.4      -0.54      0.34      0.47      0.81      0.58     -0.78      0.21     
   0.74      0.4      -0.54      0.34      0.47      0.81      0.58     -0.78      0.21     
   0.99      0.013    -0.15      0.13      0.46      0.88      0.081    -0.89      0.45     
  
XIPOS
   0         0         0        
  -0.13      0.028     0.28     
  -0.0014    0.11      0.11     
   0.14      0.18      0.12     
   0.16      0.18      0.17     
   0.18      0.21      0.13     
   0.17      0.2       0.15     
  
XIMAT
   1         0         0         0         1         0         0         0         1        
   0.87     -0.46     -0.14      0.44      0.88     -0.16      0.2       0.083     0.98     
  -0.46     -0.046    -0.88      0.84      0.28     -0.46      0.27     -0.96     -0.091    
   0.74      0.54      0.4       0.34     -0.81      0.47      0.58     -0.21     -0.78     
   0.37     -0.54      0.75      0.46      0.81      0.36     -0.81      0.21      0.55     
   0.43     -0.54      0.72      0.48      0.81      0.32     -0.76      0.21      0.61     
   0.99      0.013    -0.15      0.13      0.46      0.88      0.081    -0.89      0.45     
  
XANCHOR
  -0.15      0         0.45     
  -0.15      0         0.45     
  -0.15      0         0.45     
  -0.1       0.059     0.098    
  -0.1       0.059     0.098    
   0.14      0.18      0.12     
   0.14      0.18      0.12     
   0.14      0.18      0.14     
   0.15      0.2       0.11     
   0.17      0.2       0.15     
  
XAXIS
   1         0         0        
   0        -0.99     -0.17     
  -0.14     -0.16      0.98     
   0.46     -0.88     -0.083    
  -0.88     -0.46     -0.091    
  -0.46      0.84      0.27     
  -0.4      -0.47      0.78     
  -0.54      0.81      0.21     
  -0.54      0.81      0.21     
   0         0         0        
  
GEOM_XPOS
   0.15      0         0        
   0.17      0.2       0.15     
  -0.13      0.028     0.28     
  -0.0014    0.11      0.11     
   0.14      0.18      0.12     
   0.14      0.19      0.16     
   0.16      0.2       0.18     
   0.15      0.16      0.16     
   0.18      0.18      0.18     
   0.16      0.22      0.12     
   0.19      0.23      0.14     
   0.18      0.19      0.11     
   0.2       0.2       0.13     
   0.17      0.2       0.15     
  
GEOM_XMAT
   1         0         0         0         1         0         0         0         1        
   0.97      0.13     -0.22      0.13      0.48      0.87      0.22     -0.87      0.45     
   0.87     -0.46     -0.14      0.44      0.88     -0.16      0.2       0.083     0.98     
  -0.46     -0.046    -0.88      0.84      0.28     -0.46      0.27     -0.96     -0.091    
   0.74      0.54      0.4       0.34     -0.81      0.47      0.58     -0.21     -0.78     
  -0.038     0.92     -0.39      1         0.032    -0.022    -0.0076   -0.39     -0.92     
  -0.5      -0.22     -0.84      0.61      0.6      -0.52      0.62     -0.77     -0.17     
  -0.038     0.92     -0.39      1         0.032    -0.022    -0.0076   -0.39     -0.92     
  -0.5      -0.22     -0.84      0.61      0.6      -0.52      0.62     -0.77     -0.17     
  -0.41     -0.36     -0.84      0.56      0.62     -0.54      0.72     -0.7      -0.05     
  -0.18      0.86     -0.48      0.98      0.15     -0.094    -0.0089   -0.49     -0.87     
  -0.41     -0.36     -0.84      0.56      0.62     -0.54      0.72     -0.7      -0.05     
  -0.18      0.86     -0.48      0.98      0.15     -0.094    -0.0089   -0.49     -0.87     
   0.99      0.013    -0.15      0.13      0.46      0.88      0.081    -0.89      0.45     
  
SITE_XPOS
  
SITE_XMAT
  
COM_SUBTREE
  -0.082     0.056     0.23     
  -0.093     0.05      0.24     
   0.0053    0.11      0.11     
   0.16      0.19      0.14     
   0.16      0.18      0.17     
   0.18      0.21      0.13     
   0.17      0.2       0.15     
  
CDOF
   1         0         0        -0         0.21      0.05     
   0        -0.99     -0.17      0.22     -0.0094    0.056    
  -0.14     -0.16      0.98     -0.014     0.027     0.0025   
   0.46     -0.88     -0.083    -0.12     -0.066     0.0025   
  -0.88     -0.46     -0.091    -0.065     0.12      0.012    
  -0.46      0.84      0.27      0.13     -0.0086    0.26     
  -0.4      -0.47      0.78      0.05     -0.13     -0.056    
  -0.54      0.81      0.21      0.1       0.0023    0.26     
  -0.54      0.81      0.21      0.13      0.016     0.28     
   0         0         0         1         0         0        
   0         0         0         0         1         0        
   0         0         0         0         0         1        
   0.99      0.13      0.081    -1.4e-018  2.7e-017 -2.7e-017 
   0.013     0.46     -0.89     -3.7e-017  3.5e-019 -3.5e-019 
  -0.15      0.88      0.45     -1.2e-017 -4.2e-018  4.2e-018 
  
CINERT
   0         0         0         0         0         0         0         0         0         0        
   0.049     0.05      0.01     -0.0031    0.0096    0.009    -0.1      -0.067     0.13      3.1      
   0.022     0.03      0.018    -0.0077    0.011     0.0076    0.092     0.061    -0.13      1        
   0.00049   0.0011    0.0011   -0.00048   0.00042   0.00024   0.0036    0.0021   -0.0018    0.016    
   0.00032   0.00097   0.0012   -0.00048   0.00023   0.00012   0.0036    0.0019   -0.00094   0.014    
   0.00056   0.0013    0.0015   -0.00064   0.00044   0.00026   0.0039    0.0023   -0.0016    0.014    
   0.00017   8.3e-005  0.00015   1.5e-005  7.6e-006 -4.4e-005  0         5.2e-018  5.2e-018  0.19     
  
TEN_LENGTH
  
TEN_MOMENT
  
ACTUATOR_LENGTH
   0.17     
   0.14     
   0.49     
  -0.11     
   1.4      
  -0.52     
   0.1      
  -4.3e-006 
   3.4e-006 
  
ACTUATOR_MOMENT
   1         0         0         0         0         0         0         0         0         0         0         0         0         0         0        
   0         1         0         0         0         0         0         0         0         0         0         0         0         0         0        
   0         0         1         0         0         0         0         0         0         0         0         0         0         0         0        
   0         0         0         1         0         0         0         0         0         0         0         0         0         0         0        
   0         0         0         0         1         0         0         0         0         0         0         0         0         0         0        
   0         0         0         0         0         1         0         0         0         0         0         0         0         0         0        
   0         0         0         0         0         0         1         0         0         0         0         0         0         0         0        
   0         0         0         0         0         0         0         1         0         0         0         0         0         0         0        
   0         0         0         0         0         0         0         0         1         0         0         0         0         0         0        
  
ACTUATOR_FORCE
  -3.4e-005 
   2e-005   
   4.2e-005 
  -1e-006   
   2.8e-005 
  -0.00016  
   5.1e-005 
   4.3e-005 
  -3.4e-005 
  
CVEL
   0         0         0         0         0         0        
  -1.3e-005 -9.7e-006  1.1e-005  1.5e-006 -2e-006   -7.7e-008 
  -1.6e-005 -8.6e-006  1.1e-005  1.7e-006 -1.5e-006 -5.3e-008 
  -2.2e-005 -1.6e-005  2.3e-005  2.4e-006 -3.6e-006 -9.1e-007 
  -2.2e-005 -1.6e-005  2.3e-005  2.4e-006 -3.6e-006 -9.1e-007 
  -2.2e-005 -1.6e-005  2.3e-005  2.4e-006 -3.6e-006 -9.1e-007 
  -2.3e-005 -1.6e-005  2.4e-005  3.2e-007  5e-007   -1.1e-007 
  
CACC
   0         0         0        -0        -0        -0        
  -9.8e-011  1.2e-010  9.3e-011 -3.1e-011 -1.5e-011 -1.2e-011 
  -1.1e-010  8.3e-011  5.1e-011 -3.7e-011 -1.3e-011 -2.2e-011 
  -1.3e-010  2.1e-010  1.2e-010 -2.5e-011 -3.8e-011 -3.5e-012 
  -1.3e-010  2.1e-010  1.2e-010 -2.5e-011 -3.8e-011 -3.5e-012 
  -1.3e-010  2.1e-010  1.2e-010 -2.5e-011 -3.8e-011 -3.5e-012 
   0         0         0         1e-011   -5.1e-012  6.2e-012 
  
CFRC_INT
   0         0         0         0         0         0        
  -1.8e-012  5.8e-012  1.9e-012 -2.6e-011 -7e-012    1.2e-010 
  -3.5e-013  3e-012    1.5e-012 -2.2e-011 -3.5e-012  2.1e-011 
  -4.6e-013  1e-012    3e-013   -2.7e-012 -3.7e-013 -2.9e-012 
  -1.7e-013  3.8e-013  1.2e-013 -1e-012   -1e-013   -1.2e-012 
  -2.1e-013  4.4e-013  1.1e-013 -1e-012   -2e-013   -1.2e-012 
  -5.8e-018  1.4e-018 -4.6e-018  0         2e-028    6.1e-028 
  
CFRC_EXT
   0         0         0         0         0         0        
   0         0         0         0         0         0        
   0         0         0         0         0         0        
   0         0         0         0         0         0        
   0         0         0         0         0         0        
   0         0         0         0         0         0        
   0         0         0         0         0         0        
  
QM
   0.38      0.012     0.038     0.013    -0.00039  -3.7e-005  0.00035   1.9e-005 -4.3e-005  0         0         0         0         0         0        
   0.012     0.41     -0.022     0.024     0.00019  -0.00021  -0.00019  -1.9e-005 -0.00014   0         0         0         0         0         0        
   0.038    -0.022     0.14     -3.5e-006  0.00026   7.1e-005  0.0004    2.6e-005  2.6e-005  0         0         0         0         0         0        
   0.013     0.024    -3.5e-006  0.13     -4.2e-006 -0.00038   5.9e-005 -0.00012  -0.00016   0         0         0         0         0         0        
  -0.00039   0.00019   0.00026  -4.2e-006  0.11      5.4e-006  3.8e-005  2.9e-006  2.9e-006  0         0         0         0         0         0        
  -3.7e-005 -0.00021   7.1e-005 -0.00038   5.4e-006  0.11     -2e-012    3.3e-005  3.3e-005  0         0         0         0         0         0        
   0.00035  -0.00019   0.0004    5.9e-005  3.8e-005 -2e-012    0.11      5.1e-020  1.8e-019  0         0         0         0         0         0        
   1.9e-005 -1.9e-005  2.6e-005 -0.00012   2.9e-006  3.3e-005  5.1e-020  0.11      0         0         0         0         0         0         0        
  -4.3e-005 -0.00014   2.6e-005 -0.00016   2.9e-006  3.3e-005  1.8e-019  0         0.11      0         0         0         0         0         0        
   0         0         0         0         0         0         0         0         0         0.3       0         0        -4.8e-035  0         0        
   0         0         0         0         0         0         0         0         0         0         0.3       0         0         0         0        
   0         0         0         0         0         0         0         0         0         0         0         0.3       0         0         0        
   0         0         0         0         0         0         0         0         0        -4.8e-035  0         0         0.11      5.1e-021  1.3e-021 
   0         0         0         0         0         0         0         0         0         0         0         0         5.1e-021  0.11      6.8e-021 
   0         0         0         0         0         0         0         0         0         0         0         0         1.3e-021  6.8e-021  0.11     
  
QD
   0.11     
   0.11     
   0.11     
   0.11     
   0.11     
   0.11     
   0.11     
   0.11     
   0.11     
   0.11     
   0.11     
   0.11     
   0.11     
   0.11     
   0.11     
  
QLD
   0.37      0.039     0.28      0.095    -0.0035   -0.00033   0.0032    0.00017  -0.0004    0         0         0         0         0         0        
   0.039     0.4      -0.16      0.18      0.0017   -0.0019   -0.0017   -0.00018  -0.0012    0         0         0         0         0         0        
   0.28     -0.16      0.14     -2.5e-005  0.0023    0.00064   0.0036    0.00024   0.00024   0         0         0         0         0         0        
   0.095     0.18     -2.5e-005  0.13     -3.8e-005 -0.0035    0.00054  -0.0011   -0.0015    0         0         0         0         0         0        
  -0.0035    0.0017    0.0023   -3.8e-005  0.11      4.9e-005  0.00034   2.6e-005  2.6e-005  0         0         0         0         0         0        
  -0.00033  -0.0019    0.00064  -0.0035    4.9e-005  0.11     -1.8e-011  0.0003    0.0003    0         0         0         0         0         0        
   0.0032   -0.0017    0.0036    0.00054   0.00034  -1.8e-011  0.11      4.6e-019  1.6e-018  0         0         0         0         0         0        
   0.00017  -0.00018   0.00024  -0.0011    2.6e-005  0.0003    4.6e-019  0.11      0         0         0         0         0         0         0        
  -0.0004   -0.0012    0.00024  -0.0015    2.6e-005  0.0003    1.6e-018  0         0.11      0         0         0         0         0         0        
   0         0         0         0         0         0         0         0         0         0.3       0         0        -4.4e-034  0         0        
   0         0         0         0         0         0         0         0         0         0         0.3       0         0         0         0        
   0         0         0         0         0         0         0         0         0         0         0         0.3       0         0         0        
   0         0         0         0         0         0         0         0         0        -4.4e-034  0         0         0.11      4.6e-020  1.2e-020 
   0         0         0         0         0         0         0         0         0         0         0         0         4.6e-020  0.11      6.2e-020 
   0         0         0         0         0         0         0         0         0         0         0         0         1.2e-020  6.2e-020  0.11     
  
QLDIAGSQR
   1.7      
   1.6      
   2.7      
   2.7      
   3        
   3        
   3        
   3        
   3        
   1.8      
   1.8      
   1.8      
   3        
   3        
   3        
  
EQ_ID
  
EQ_ERR
  
EQ_J
  
EQ_VDES
  
EQ_JMi
  
EQ_Achol
  
EQ_R
  
contact
  0:  dim 3, geom 4 13, compliance  1       , timeconst  0.05    , dist  0.004   , mindist  0.01    
      pos  0.15      0.18      0.13    
      frame  0.9      -0.062     0.43      0.056     1         0.026    -0.43      0         0.9     
      friction  1         1         0.1       0.1       0.1     ,  flc_address 1
  1:  dim 3, geom 5 13, compliance  1       , timeconst  0.05    , dist  0.0081  , mindist  0.01    
      pos  0.14      0.19      0.16    
      frame  0.86      0.34     -0.37     -0.31      0.94      0.14      0.4       0         0.92    
      friction  1         1         0.1       0.1       0.1     ,  flc_address 4
  2:  dim 3, geom 6 13, compliance  1       , timeconst  0.05    , dist -1.8e-005, mindist  0.01    
      pos  0.17      0.21      0.18    
      frame -0.09      0.44     -0.89      0.044     0.9       0.44      0.99      6.9e-018 -0.1     
      friction  1         1         0.1       0.1       0.1     ,  flc_address 7
  3:  dim 3, geom 7 13, compliance  1       , timeconst  0.05    , dist -8.4e-006, mindist  0.01    
      pos  0.15      0.17      0.15    
      frame  0.86      0.34     -0.37     -0.31      0.94      0.14      0.4       0         0.92    
      friction  1         1         0.1       0.1       0.1     ,  flc_address 10
  4:  dim 3, geom 8 13, compliance  1       , timeconst  0.05    , dist  0.0066  , mindist  0.01    
      pos  0.17      0.18      0.17    
      frame -0.09      0.44     -0.89      0.044     0.9       0.44      0.99      0        -0.1     
      friction  1         1         0.1       0.1       0.1     ,  flc_address 13
  5:  dim 3, geom 9 13, compliance  1       , timeconst  0.05    , dist  0.0081  , mindist  0.01    
      pos  0.16      0.21      0.13    
      frame  0.22     -0.41      0.88      0.099     0.91      0.4      -0.97      0         0.24    
      friction  1         1         0.1       0.1       0.1     ,  flc_address 16
  6:  dim 3, geom 10 13, compliance  1       , timeconst  0.05    , dist -1.1e-005, mindist  0.01    
      pos  0.19      0.23      0.15    
      frame -0.79     -0.38      0.48     -0.33      0.92      0.2      -0.52      0        -0.86    
      friction  1         1         0.1       0.1       0.1     ,  flc_address 19
  7:  dim 3, geom 11 13, compliance  1       , timeconst  0.05    , dist -1.5e-005, mindist  0.01    
      pos  0.17      0.19      0.11    
      frame  0.22     -0.41      0.88      0.099     0.91      0.4      -0.97      1.4e-017  0.24    
      friction  1         1         0.1       0.1       0.1     ,  flc_address 22
  8:  dim 3, geom 12 13, compliance  1       , timeconst  0.05    , dist  0.0066  , mindist  0.01    
      pos  0.19      0.2       0.13    
      frame -0.79     -0.38      0.48     -0.33      0.92      0.2      -0.52      0        -0.86    
      friction  1         1         0.1       0.1       0.1     ,  flc_address 25

FRI_ID
  
LIM_ID
  5 
  
CON_ID
  0 
  1 
  2 
  3 
  4 
  5 
  6 
  7 
  8 
  
LC_IND
  0 
  1 
  4 
  7 
  10 
  13 
  16 
  19 
  22 
  25 
  
FLC_SIGNATURE
  21 
  262151 
  262151 
  262151 
  327687 
  327687 
  327687 
  327687 
  327687 
  327687 
  327687 
  327687 
  327687 
  327687 
  327687 
  327687 
  393223 
  393223 
  393223 
  393223 
  393223 
  393223 
  393223 
  393223 
  393223 
  393223 
  393223 
  393223 
  
LC_DIST
  -4.4e-007 
   0.004    
   0.0081   
  -1.8e-005 
  -8.4e-006 
   0.0066   
   0.0081   
  -1.1e-005 
  -1.5e-005 
   0.0066   
  
FLC_J
   0         0         0         0         0         1         0         0         0         0         0         0         0         0         0        
  -0.057    -0.44      0.12     -0.11     -9.4e-007  2.8e-006 -4.3e-019  0         0         0.9      -0.062     0.43     -0.0092   -0.021    -1.7e-018 
  -0.33      0.022    -0.24      0.028    -0.0035   -0.0053   -0.011     0         0         0.056     1         0.026     0.019     0.018    -0.013    
  -0.16     -0.12     -0.075    -0.26     -0.0061    0.0099   -0.0057    0         0        -0.43      0         0.9      -0.014     0.02      0.024    
  -0.026    -0.15      0.045     0.16      0.00095  -0.036     0.015    -0.018     0         0.86      0.34     -0.37     -0.00091   0.0016   -5.2e-018 
  -0.3       0.11     -0.28     -0.0049   -0.036    -0.0078   -0.027    -0.0049    0        -0.31      0.94      0.14     -0.014     0.023    -0.01     
  -0.18     -0.39      0.036    -0.24      0.012    -0.0029    0.011     0.0088    0         0.4       0         0.92     -0.0036    0.0097    0.027    
   0.067     0.33     -0.11      0.3      -0.031    -0.045    -0.021    -0.048     0        -0.09      0.44     -0.89     -0.021    -0.0021   -4.4e-018 
  -0.33     -0.1      -0.25     -0.077    -0.039    -0.017    -0.043    -0.0064    0         0.044     0.9       0.44     -0.025     0.0015    0.0049   
   0.021    -0.27      0.16      0.092     0.024    -0.046     0.048    -0.028     0         0.99      6.9e-018 -0.1       0.0028    0.021     0.025    
  -0.041    -0.15      0.021     0.15      0.012    -0.027    -0.0037   -0.007     0         0.86      0.34     -0.37      0.015    -0.025    -1.8e-017 
  -0.31      0.11     -0.28     -0.0068   -0.025    -0.0057   -0.021    -0.0018    0        -0.31      0.94      0.14     -0.0027    0.025    -0.0088   
  -0.15     -0.4       0.02     -0.24     -0.015    -0.0052   -0.013     0.0049    0         0.4       0         0.92     -0.028    -0.0061    0.023    
   0.035     0.34     -0.11      0.29     -0.00077  -0.036    -0.0058   -0.035     0        -0.09      0.44     -0.89      0.011     0.0012    1.4e-017 
  -0.33     -0.11     -0.26     -0.078    -0.043    -0.018    -0.05     -0.0069    0         0.044     0.9       0.44     -0.027    -0.0051    0.0056   
   0.018    -0.27      0.13      0.083     0.024    -0.044     0.021    -0.024     0         0.99      0        -0.1       0.0067   -0.01      0.028    
  -0.054    -0.37      0.12     -0.28      0.014     0.036     0.015     0         0.018     0.22     -0.41      0.88      0.0018    0.00042  -1.3e-018 
  -0.38     -0.11     -0.23     -0.09      0.0067    0.008    -0.016     0        -0.0011    0.099     0.91      0.4       0.027     0.007    -0.0074   
  -0.051     0.27     -0.16     -0.083     0.0058    0.0022   -0.025     0         0.01     -0.97      0         0.24      0.0076    2e-005    0.028    
   0.0065    0.087    -0.039    -0.2       0.0097    0.045    -0.021     0         0.048    -0.79     -0.38      0.48      0.013    -0.016    -6.9e-018 
  -0.32      0.096    -0.33     -0.032    -0.015    -0.0076   -0.061     0        -0.008    -0.33      0.92      0.2       0.0094   -0.023     0.0077   
   0.2       0.46     -0.069     0.27     -0.019    -0.049    -0.021     0        -0.027    -0.52      0        -0.86     -0.02     -0.0059    0.024    
  -0.024    -0.38      0.11     -0.27     -0.016     0.027    -0.0037    0         0.007     0.22     -0.41      0.88     -0.029    -0.0068    2e-017   
  -0.38     -0.11     -0.24     -0.092     0.004     0.0077   -0.025     0        -0.0013    0.099     0.91      0.4       0.025    -0.0017   -0.0064   
  -0.044     0.28     -0.13     -0.075     0.0011   -0.00094  -0.0014    0         0.005    -0.97      1.4e-017  0.24     -0.00039   0.029     0.024    
   0.025     0.092    -0.017    -0.18     -0.005     0.036    -0.0058    0         0.035    -0.79     -0.38      0.48     -0.0069    0.009     1e-017   
  -0.33      0.099    -0.32     -0.033    -0.0047   -0.0059   -0.053     0        -0.0055   -0.33      0.92      0.2       0.019    -0.019     0.0087   
   0.17      0.47     -0.05      0.27      0.0065   -0.047     0.0064    0        -0.024    -0.52      0        -0.86      0.0032    0.013     0.027    
  
FLC_EK
   1         0.01     
   2         0.05     
   2         0.05     
   2         0.05     
   2         0.05     
   2         0.05     
   2         0.05     
   2         0.05     
   2         0.05     
   2         0.05     
   2         0.05     
   2         0.05     
   2         0.05     
   2         0.05     
   2         0.05     
   2         0.05     
   2         0.05     
   2         0.05     
   2         0.05     
   2         0.05     
   2         0.05     
   2         0.05     
   2         0.05     
   2         0.05     
   2         0.05     
   2         0.05     
   2         0.05     
   2         0.05     
  
FLC_A
   18       -0.0046   -0.046     0.083    -0.33     -0.069    -0.034    -0.4      -0.16     -0.42     -0.25     -0.05     -0.055    -0.31     -0.16     -0.4       0.32      0.071     0.019     0.41     -0.068    -0.43      0.24      0.068    -0.0091    0.32     -0.052    -0.42     
  -0.0046    12       -0.17      0.24      2.1      -1.2       3.1      -2.3       0.6       3.2       2.1      -1.2       3.1      -2.2       0.6       3.2       2.7       0.75     -2.9      -1.6      -1.2      -3.5       2.7       0.74     -2.9      -1.6      -1.2      -3.5      
  -0.046    -0.17      12        0.16      1.3       3.8       0.17      1.6       3.7      -0.057     1.3       3.8       0.17      1.6       3.7      -0.012    -1.5       3.7       0.09     -1.4       3.8      -0.14     -1.5       3.8       0.045    -1.4       3.8      -0.15     
   0.083     0.24      0.16      12       -2.7       1.1       2.8      -3.2       1.7      -1.9      -2.6       1.1       2.8      -3.2       1.7      -1.9       2.9       1.5       2.3       3         1.4      -2.5       2.9       1.5       2.3       2.9       1.4      -2.5      
  -0.33      2.1       1.3      -2.7       11       -0.096    -0.11      1.6       0.52      3.3       3.6      -0.098    -0.11      1.6       0.52      3.3      -1.1       0.73     -3.4      -3.7      -0.28     -0.3      -1.1       0.73     -3.4      -3.6      -0.28     -0.29     
  -0.069    -1.2       3.8       1.1      -0.096     13       -0.033     1.3       3.7      -1.5      -0.05      4.1      -0.0054    1.3       3.7      -1.4      -1.4       3.6       1.5      -0.075     4.2       0.25     -1.4       3.6       1.5      -0.12      4.2       0.22     
  -0.034     3.1       0.17      2.8      -0.11     -0.033     13       -3.7       1.7       1.1      -0.083    -0.026     4.2      -3.7       1.7       1.2       3.8       1.7      -0.67      0.64      0.19     -4.3       3.8       1.7      -0.68      0.61      0.19     -4.2      
  -0.4      -2.3       1.6      -3.2       1.6       1.3      -3.7       13       -0.055    -0.087     1.6       1.3      -3.7       4.3      -0.049    -0.083    -4.3      -0.039    -0.31     -2.1       1.1       3.7      -4.3      -0.033    -0.31     -2.1       1.1       3.7      
  -0.16      0.6       3.7       1.7       0.52      3.7       1.7      -0.055     12       -0.27      0.58      3.7       1.7      -0.066     4.1      -0.2       0.14      4.1       0.47     -0.44      3.8      -1.6       0.16      4.1       0.41     -0.5       3.8      -1.6      
  -0.42      3.2      -0.057    -1.9       3.3      -1.5       1.1      -0.087    -0.27      12        3.3      -1.5       1.1      -0.083    -0.28      3.8       0.57     -0.042    -3.8      -3.1      -1.6      -1.6       0.56     -0.057    -3.7      -3.1      -1.6      -1.6      
  -0.25      2.1       1.3      -2.6       3.6      -0.05     -0.083     1.6       0.58      3.3       11       -0.051    -0.084     1.6       0.58      3.3      -1.1       0.8      -3.4      -3.6      -0.2      -0.33     -1.1       0.8      -3.4      -3.6      -0.2      -0.32     
  -0.05     -1.2       3.8       1.1      -0.098     4.1      -0.026     1.3       3.7      -1.5      -0.051     12       -0.0067    1.3       3.7      -1.4      -1.4       3.6       1.5      -0.071     4.2       0.24     -1.4       3.6       1.5      -0.12      4.2       0.22     
  -0.055     3.1       0.17      2.8      -0.11     -0.0054    4.2      -3.7       1.7       1.1      -0.084    -0.0067    13       -3.7       1.7       1.1       3.8       1.7      -0.66      0.64      0.22     -4.2       3.8       1.7      -0.68      0.62      0.22     -4.2      
  -0.31     -2.2       1.6      -3.2       1.6       1.3      -3.7       4.3      -0.066    -0.083     1.6       1.3      -3.7       13       -0.063    -0.084    -4.3      -0.0092   -0.3      -2.1       1.1       3.7      -4.2      -0.0064   -0.3      -2.1       1.1       3.7      
  -0.16      0.6       3.7       1.7       0.52      3.7       1.7      -0.049     4.1      -0.28      0.58      3.7       1.7      -0.063     12       -0.2       0.14      4.1       0.48     -0.44      3.8      -1.6       0.16      4.1       0.41     -0.49      3.8      -1.6      
  -0.4       3.2      -0.012    -1.9       3.3      -1.4       1.2      -0.083    -0.2       3.8       3.3      -1.4       1.1      -0.084    -0.2       12        0.57      0.015    -3.7      -3.1      -1.5      -1.6       0.56      0.0072   -3.7      -3.1      -1.5      -1.6      
   0.32      2.7      -1.5       2.9      -1.1      -1.4       3.8      -4.3       0.14      0.57     -1.1      -1.4       3.8      -4.3       0.14      0.57      13        0.13     -0.16      1.7      -1.2      -3.9       4.3       0.12     -0.16      1.7      -1.2      -3.9      
   0.071     0.75      3.7       1.5       0.73      3.6       1.7      -0.039     4.1      -0.042     0.8       3.6       1.7      -0.0092    4.1       0.015     0.13      12        0.25     -0.64      3.8      -1.7       0.11      4.1       0.19     -0.71      3.8      -1.7      
   0.019    -2.9       0.09      2.3      -3.4       1.5      -0.67     -0.31      0.47     -3.8      -3.4       1.5      -0.66     -0.3       0.48     -3.7      -0.16      0.25      12        3.2       1.7       1.2      -0.16      0.26      3.8       3.2       1.7       1.2      
   0.41     -1.6      -1.4       3        -3.7      -0.075     0.64     -2.1      -0.44     -3.1      -3.6      -0.071     0.64     -2.1      -0.44     -3.1       1.7      -0.64      3.2       11        0.14     -0.28      1.7      -0.64      3.2       3.7       0.15     -0.29     
  -0.068    -1.2       3.8       1.4      -0.28      4.2       0.19      1.1       3.8      -1.6      -0.2       4.2       0.22      1.1       3.8      -1.5      -1.2       3.8       1.7       0.14      13        0.059    -1.2       3.8       1.6       0.068     4.4       0.013    
  -0.43     -3.5      -0.14     -2.5      -0.3       0.25     -4.3       3.7      -1.6      -1.6      -0.33      0.24     -4.2       3.7      -1.6      -1.6      -3.9      -1.7       1.2      -0.28      0.059     13       -3.9      -1.7       1.2      -0.24      0.048     4.5      
   0.24      2.7      -1.5       2.9      -1.1      -1.4       3.8      -4.3       0.16      0.56     -1.1      -1.4       3.8      -4.2       0.16      0.56      4.3       0.11     -0.16      1.7      -1.2      -3.9       13        0.1      -0.16      1.7      -1.2      -3.9      
   0.068     0.74      3.8       1.5       0.73      3.6       1.7      -0.033     4.1      -0.057     0.8       3.6       1.7      -0.0064    4.1       0.0072    0.12      4.1       0.26     -0.64      3.8      -1.7       0.1       12        0.19     -0.71      3.8      -1.7      
  -0.0091   -2.9       0.045     2.3      -3.4       1.5      -0.68     -0.31      0.41     -3.7      -3.4       1.5      -0.68     -0.3       0.41     -3.7      -0.16      0.19      3.8       3.2       1.6       1.2      -0.16      0.19      12        3.2       1.6       1.2      
   0.32     -1.6      -1.4       2.9      -3.6      -0.12      0.61     -2.1      -0.5      -3.1      -3.6      -0.12      0.62     -2.1      -0.49     -3.1       1.7      -0.71      3.2       3.7       0.068    -0.24      1.7      -0.71      3.2       11        0.07     -0.25     
  -0.052    -1.2       3.8       1.4      -0.28      4.2       0.19      1.1       3.8      -1.6      -0.2       4.2       0.22      1.1       3.8      -1.5      -1.2       3.8       1.7       0.15      4.4       0.048    -1.2       3.8       1.6       0.07      14        0.01     
  -0.42     -3.5      -0.15     -2.5      -0.29      0.22     -4.2       3.7      -1.6      -1.6      -0.32      0.22     -4.2       3.7      -1.6      -1.6      -3.9      -1.7       1.2      -0.29      0.013     4.5      -3.9      -1.7       1.2      -0.25      0.01      14       
  
FLC_R
   9.2      
   8.2      
   8.2      
   8.2      
   7.7      
   8.7      
   8.7      
   8.8      
   8        
   8        
   7.3      
   8.3      
   8.3      
   8.9      
   8.2      
   8.2      
   9.1      
   8.3      
   8.3      
   7.6      
   8.9      
   8.9      
   8.6      
   7.9      
   7.9      
   7.7      
   9.2      
   9.2      
  
FLC_VDES
   1.5e-005 
  -0.4      
  -1.8e-008 
  -6.4e-009 
  -0.81     
  -1.3e-008 
  -6.4e-009 
   7.3e-005 
  -4.9e-009 
  -6.4e-009 
   3.5e-005 
  -1.5e-008 
   3e-009   
  -0.66     
  -2.4e-009 
   2.6e-009 
  -0.81     
  -1.8e-008 
   5.6e-010 
   4.7e-005 
  -2.2e-009 
   1.3e-008 
   6.1e-005 
  -1.4e-008 
  -7e-009   
  -0.66     
  -5.1e-009 
   2.9e-009 
  
FLC_B
   2.9e-005 
  -0.4      
   2.1e-007 
   2.6e-007 
  -0.81     
   4.5e-007 
  -2e-007   
   7.3e-005 
   4.5e-007 
  -1.1e-006 
   3.4e-005 
   3.8e-007 
   7.2e-008 
  -0.66     
   5.1e-007 
  -8.1e-007 
  -0.81     
   3.9e-007 
   3.3e-007 
   4.8e-005 
   6.3e-007 
  -5.1e-007 
   6.2e-005 
   4.7e-007 
   8.3e-008 
  -0.66     
   5.7e-007 
  -7.8e-007 
  
FLC_F
   1.6e-006 
   0        
   0        
   0        
   0        
   0        
   0        
   8.3e-006 
   4.4e-010 
   5.7e-010 
   4.7e-006 
   1.3e-009 
  -2.5e-010 
   0        
   0        
   0        
   0        
   0        
   0        
   6.2e-006 
   1.8e-010 
  -1.1e-009 
   7.1e-006 
   1.3e-009 
   6.4e-010 
   0        
   0        
   0        
  
